Wrapping the env with a `Monitor` wrapper
Wrapping the env in a DummyVecEnv.
Test episodes:   0%|          | 0/20 [00:00<?, ?it/s]
Test episodes:   0%|          | 0/20 [00:00<?, ?it/s]
Test episodes:   0%|          | 0/20 [00:00<?, ?it/s]
Cumulative Rewards For SAC for all episodes ==>  [-10.067947057531503, -7.92675235524821, -8.333248499804993, -10.82553718002782, -7.499427060800902, -7.44655448213969, -7.546606963220786, -7.5371751352508225, -7.957009917866971, -8.618561131078346, -7.733956598962069, -7.717381090792736, -8.754851479939633, -7.959299225332293, -7.576605835209162, -7.490302625711212, -7.549941602744903, -8.16579962079642, -7.6510447258126915, -10.807026883126824]
Cumulative Rewards For IMI for all episodes ==>  [-7.554539, -10.940938, -29.479792, -27.803185, -7.93398, -7.6000886, -29.132044, -27.73478, -7.775209, -26.739735, -10.858433, -9.292862, -7.773263, -27.303968, -11.537467, -11.255596, -10.621455, -10.895657, -11.864454, -24.686691]
Cumulative Rewards For GEN for all episodes  ==>  [-33.01373047674555, -22.346802935979444, -24.601022069047062, -18.321106829780405, -23.534617814882793, -30.51522577421371, -21.80936372665696, -20.209618083490653, -23.49390179973613, -22.582496943482244, -16.0538653251745, -26.979733001971518, -29.502847692420804, -30.12263090900496, -34.85140223194653, -17.491593887819878, -32.89866086551087, -28.256801993490747, -33.69423218896368, -30.59404393726496]
Cumalative reward for SAC ==>  [-0.556 -1.111 -1.664 -2.214 -2.758 -3.295 -3.820 -4.332 -4.827 -5.304
 -5.758 -6.186 -6.585 -6.954 -7.290 -7.590 -7.849 -8.070 -8.253 -8.404
 -8.557 -8.718 -8.885 -9.054 -9.222 -9.388 -9.548 -9.699 -9.838 -9.961
 -10.068]
Cumalative reward for IMI ==>  [-0.519 -1.037 -1.552 -2.064 -2.570 -3.070 -3.562 -4.042 -4.509 -4.958
 -5.385 -5.785 -6.158 -6.501 -6.807 -7.068 -7.281 -7.444 -7.555]
Cumalative reward for GEN ==>  [-0.554 -1.108 -1.662 -2.217 -2.772 -3.329 -3.887 -4.449 -5.016 -5.588
 -6.165 -6.749 -7.338 -7.933 -8.534 -9.141 -9.754 -10.371 -10.994 -11.620
 -12.251 -12.885 -13.523 -14.164 -14.809 -15.457 -16.107 -16.758 -17.408
 -18.055 -18.697 -19.330 -19.956 -20.573 -21.179 -21.780 -22.370 -22.945
 -23.501 -24.032 -24.535 -25.009 -25.478 -25.968 -26.494 -27.045 -27.603
 -28.161 -28.707 -29.257 -29.811 -30.356 -30.883 -31.380 -31.836 -32.247
 -32.619 -33.014]
Average Velocity For SAC ==>  [1.0596981121647744, 1.554249999523163, 1.549669081256503, 1.06211085283395, 1.5196554365910984, 1.518378589655223, 1.5174968537531401, 1.5177403995865268, 1.558094960451126, 1.572548309961955, 1.529857974648476, 1.5408196819456004, 1.5658785305239942, 1.5425284737348555, 1.5193324139243682, 1.519426341433274, 1.5174545608068752, 1.5881477648019788, 1.52409049153328, 1.0614222624085166]
Average Velocity For IMI ==>  [1.3977428251191182, 1.006351626145117, 0.45841583211720105, 0.47457619723305156, 1.4165664620697496, 1.43282263353467, 0.44716819767840144, 0.431395114954561, 1.3885391494631774, 0.4749906085152191, 0.9845798876136542, 1.5087272562086584, 1.385619100630284, 0.43278934253379797, 1.0451203310489656, 1.051140585541725, 1.0385367166470076, 1.0075418702381498, 1.0435736462473868, 0.5140936951525508]
Average Velocity For GEN ==>  [2.0526193345254664, 2.821070062746763, 3.2205544482674293, 2.4482824825755163, 2.6610712070638343, 3.421826696170339, 2.3131310669629834, 1.4887064927466351, 1.22629894074852, 2.503606834832104, 2.2852284162836813, 1.9379070359269335, 1.8865756634633288, 3.632456286137608, 2.22904688976954, 2.305919133528012, 2.0838543370097304, 2.082129580495552, 3.8315911129389892, 3.5304008436549057]
