Cumalative reward for SAC ==>  [-0.550 -1.098 -1.643 -2.185 -2.720 -3.246 -3.760 -4.260 -4.743 -5.207
 -5.648 -6.062 -6.449 -6.805 -7.128 -7.415 -7.667 -7.886 -8.077 -8.276
 -8.482 -8.693 -8.906 -9.118 -9.328 -9.531 -9.727 -9.911 -10.082 -10.233
 -10.362 -10.468]
Cumalative reward for IMI ==>  [-0.557 -1.112 -1.664 -2.213 -2.754 -3.286 -3.807 -4.314 -4.806 -5.279
 -5.731 -6.158 -6.558 -6.928 -7.267 -7.571 -7.834 -8.054 -8.230 -8.402
 -8.588 -8.784 -8.985 -9.189 -9.394 -9.598 -9.797 -9.988 -10.169 -10.337
 -10.490 -10.626 -10.756 -10.889 -11.025 -11.165 -11.307 -11.452 -11.600
 -11.751 -11.904 -12.061 -12.223 -12.391 -12.570 -12.754 -12.945 -13.139
 -13.336 -13.535 -13.740 -13.948 -14.159 -14.373 -14.590 -14.808 -15.027
 -15.248 -15.471 -15.695 -15.920 -16.146 -16.373 -16.602 -16.832 -17.063
 -17.296 -17.530 -17.766 -18.003 -18.240 -18.477 -18.715 -18.952 -19.189
 -19.426 -19.663 -19.899 -20.134 -20.369 -20.605 -20.839 -21.074 -21.308
 -21.542 -21.776 -22.010 -22.244 -22.478 -22.712 -22.947 -23.181 -23.415
 -23.649 -23.884 -24.119 -24.354 -24.587 -24.819 -25.051]
Cumalative reward for GEN ==>  [-0.554 -1.108 -1.662 -2.217 -2.772 -3.329 -3.887 -4.449 -5.016 -5.588
 -6.165 -6.749 -7.338 -7.933 -8.534 -9.141 -9.754 -10.371 -10.994 -11.620
 -12.251 -12.885 -13.523 -14.164 -14.809 -15.457 -16.107 -16.758 -17.408
 -18.055 -18.697 -19.330 -19.956 -20.573 -21.179 -21.780 -22.370 -22.945
 -23.501 -24.032 -24.535 -25.009 -25.478 -25.968 -26.494 -27.045 -27.603
 -28.161 -28.707 -29.257 -29.811 -30.356 -30.883 -31.380 -31.836 -32.247
 -32.619 -33.014]
Average Velocity For SAC ==>  [1.048961804062128, 1.5200733580087364, 1.5196084191924644]
Average Velocity For IMI ==>  [0.47227627692278495, 1.432564776241779, 0.43899741671420583]
Average Velocity For GEN ==>  [2.0526193345254664]
